0 0.0859375 0.49296875 0.171875 0.1859375
1 0.02578125 0.37578125 0.05078125 0.084375
1 0.1484375 0.50234375 0.0734375 0.09921875
1 0.48984375 0.52421875 0.08203125 0.07578125
1 0.6015625 0.540625 0.059375 0.1125
0 0.671875 0.771875 0.26328125 0.346875
0 0.64296875 0.35859375 0.2171875 0.12265625
0 0.428125 0.39296875 0.14609375 0.15390625
0 0.33984375 0.26484375 0.084375 0.12578125
0 0.20625 0.36484375 0.07578125 0.15078125
1 0.421875 0.20234375 0.03828125 0.07421875
1 0.1703125 0.9515625 0.1078125 0.096875