1 0.5921875 0.61171875 0.06171875 0.06875
0 0.49921875 0.37578125 0.04921875 0.059375
0 0.56640625 0.44609375 0.06953125 0.13203125
0 0.571875 0.45 0.0578125 0.14140625
1 0.5 0.2734375 0.0234375 0.04765625
1 0.90390625 0.18515625 0.05234375 0.06640625
0 0.5640625 0.65859375 0.13203125 0.21171875
0 0.14921875 0.85078125 0.16015625 0.29609375
0 0.22578125 0.50234375 0.13828125 0.165625
1 0.24921875 0.3640625 0.03515625 0.06875
1 0.71328125 0.6265625 0.0515625 0.0765625
0 0.66328125 0.553125 0.04140625 0.16875
1 0.41484375 0.97421875 0.0609375 0.0515625