0 0.64375 0.84375 0.140625 0.25390625
0 0.36953125 0.5921875 0.12578125 0.071875
0 0.2671875 0.56796875 0.1390625 0.090625
0 0.178125 0.51640625 0.13828125 0.053125
0 0.3046875 0.43125 0.0953125 0.08515625
0 0.3015625 0.34921875 0.05546875 0.06796875
0 0.43359375 0.33671875 0.059375 0.053125
0 0.57109375 0.359375 0.05078125 0.07890625
1 0.28828125 0.696875 0.04140625 0.06484375
1 0.38984375 0.50625 0.025 0.04921875
1 0.3859375 0.3765625 0.02265625 0.0390625
1 0.39140625 0.3390625 0.015625 0.03203125
1 0.5203125 0.40859375 0.02265625 0.03828125