0 0.61796875 0.81875 0.14296875 0.23828125
0 0.33515625 0.59375 0.13671875 0.06953125
0 0.22265625 0.578125 0.153125 0.10546875
0 0.1234375 0.52890625 0.1546875 0.06796875
0 0.2625 0.43046875 0.103125 0.08984375
0 0.25546875 0.34375 0.0640625 0.07265625
0 0.4 0.3265625 0.07265625 0.0578125
0 0.5359375 0.34921875 0.0515625 0.0796875
1 0.25234375 0.70703125 0.04609375 0.0609375
1 0.35546875 0.50390625 0.0296875 0.05390625
1 0.0921875 0.46484375 0.04921875 0.05703125
1 0.48828125 0.40078125 0.0203125 0.04296875
1 0.3453125 0.37109375 0.01796875 0.03515625
1 0.35234375 0.33046875 0.01875 0.04375