0 0.40078125 0.6 0.034375 0.12734375
0 0.9125 0.42734375 0.08828125 0.08984375
0 0.48828125 0.53828125 0.05859375 0.10625
1 0.2875 0.75859375 0.04453125 0.053125
1 0.43671875 0.5359375 0.02578125 0.04375
1 0.675 0.26875 0.0265625 0.05234375
0 0.25390625 0.49765625 0.06171875 0.0890625
0 0.45078125 0.475 0.03828125 0.084375
1 0.51796875 0.546875 0.02265625 0.046875
0 0.7796875 0.33125 0.09453125 0.05625
1 0.45078125 0.3671875 0.01640625 0.0328125
1 0.2953125 0.42734375 0.0234375 0.02734375
0 0.4265625 0.43125 0.03984375 0.03359375
0 0.17890625 0.671875 0.1 0.1390625