1 0.30390625 0.68203125 0.03984375 0.0578125
1 0.409375 0.5 0.025 0.05078125
1 0.409375 0.371875 0.0203125 0.03984375
1 0.5421875 0.409375 0.02109375 0.040625
1 0.56015625 0.32734375 0.015625 0.02890625
1 0.41640625 0.33359375 0.01640625 0.03671875
0 0.65546875 0.85703125 0.1390625 0.2640625
0 0.3859375 0.58125 0.1265625 0.07578125
0 0.2875 0.5515625 0.13203125 0.084375
0 0.20390625 0.4953125 0.1328125 0.04921875
0 0.328125 0.41953125 0.09609375 0.08046875
0 0.32734375 0.33984375 0.053125 0.0671875
1 0.18125 0.43515625 0.03671875 0.0484375
0 0.59375 0.3640625 0.0515625 0.08203125
0 0.67734375 0.33671875 0.0765625 0.02734375