1 0.5765625 0.62109375 0.0453125 0.0859375
0 0.5859375 0.4828125 0.05234375 0.17109375
0 0.50546875 0.37734375 0.0453125 0.1453125
0 0.49921875 0.36796875 0.05703125 0.1375
0 0.43828125 0.2921875 0.0671875 0.0625
1 0.44921875 0.1859375 0.025 0.05
1 0.86796875 0.1078125 0.05625 0.07578125
0 0.14296875 0.4078125 0.1546875 0.1671875
0 0.06328125 0.74296875 0.1265625 0.265625
0 0.47265625 0.58046875 0.103125 0.2125
1 0.1796875 0.2671875 0.040625 0.0671875
1 0.40078125 0.56328125 0.06171875 0.07578125
1 0.52734375 0.5671875 0.0359375 0.075
1 0.00546875 0.571875 0.0109375 0.034375