1 0.74453125 0.3546875 0.0390625 0.0625
1 0.309375 0.9765625 0.0625 0.046875
1 0.4875 0.984375 0.07109375 0.03046875
1 0.609375 0.80078125 0.04375 0.08046875
1 0.3875 0.48984375 0.02265625 0.05078125
1 0.10859375 0.621875 0.046875 0.06796875
0 0.05546875 0.79609375 0.1109375 0.2234375
0 0.0875 0.7921875 0.14296875 0.22265625
0 0.28125 0.90390625 0.2125 0.1921875
0 0.4671875 0.6515625 0.084375 0.14765625
0 0.38515625 0.5953125 0.05859375 0.08671875
0 0.471875 0.6578125 0.06953125 0.15625
0 0.5203125 0.8453125 0.15 0.2203125
0 0.5954861109375 0.7123015875 0.6073908734375 0.721560846875 0.6783234125 0.796626984375 0.6857638890625 0.8015873015625001 0.6929563484375 0.809854496875 0.6984126984375 0.8055555562500001 0.716269840625 0.7791005296875 0.7172619046875 0.7748015875 0.715773809375 0.771494709375 0.653273809375 0.7103174609375 0.6488095234375 0.7076719578125 0.6163194437499999 0.6749338625 0.6029265875 0.6636904765625 0.5892857140625 0.6498015875 0.587549603125 0.6488095234375 0.578373015625 0.65608465625 0.5642361109375 0.6696428578125 0.563244046875 0.672288359375 0.563244046875 0.6749338625 0.564980159375 0.678240740625 0.5895337296875 0.703703703125 0.5954861109375 0.7123015875