1 0.25 0.3109375 0.04296875 0.04921875
1 0.10703125 0.35234375 0.084375 0.03984375
1 0.5078125 0.39765625 0.06640625 0.06796875
1 0.90703125 0.45 0.07734375 0.0796875
1 0.3671875 0.73203125 0.11875 0.14140625
0 0.5921875 0.6890625 0.278125 0.25703125
0 0.6625 0.43984375 0.08125 0.1015625
0 0.36796875 0.48828125 0.3359375 0.08046875
0 0.16796875 0.4609375 0.29921875 0.10546875
0 0.17890625 0.278125 0.09296875 0.03828125
0 0.22890625 0.2296875 0.140625 0.04375
0 0.2421875 0.2203125 0.1375 0.0359375
0 0.0359375 0.43984375 0.07109375 0.04453125