0 0.675 0.8546875 0.13984375 0.26796875
0 0.41171875 0.56953125 0.12421875 0.08125
0 0.3578125 0.33203125 0.053125 0.06796875
0 0.3578125 0.4109375 0.09296875 0.07578125
0 0.31953125 0.5359375 0.125 0.07578125
0 0.4875 0.3296875 0.06640625 0.053125
0 0.621875 0.35859375 0.05234375 0.08046875
0 0.7140625 0.33203125 0.08359375 0.02890625
0 0.2421875 0.47734375 0.12265625 0.0421875
1 0.3328125 0.65859375 0.03984375 0.05625
1 0.43515625 0.4875 0.0265625 0.04921875
1 0.56875 0.40390625 0.02421875 0.04296875
1 0.43671875 0.36328125 0.01953125 0.03671875
1 0.44453125 0.32578125 0.01484375 0.03671875