0 0.82890625 0.5828125 0.09921875 0.0765625
0 0.83359375 0.57890625 0.1 0.0765625
1 0.63984375 0.428125 0.03203125 0.05390625
1 0.31484375 0.5703125 0.021875 0.0453125
0 0.3046875 0.671875 0.059375 0.05546875
0 0.3796875 0.71953125 0.071875 0.12734375
0 0.38515625 0.728125 0.0578125 0.1484375
1 0.421875 0.8890625 0.040625 0.0921875
0 0.3578125 0.92578125 0.1265625 0.14765625
1 0.01875 0.715625 0.0375 0.075
0 0.4796875 0.803125 0.04765625 0.17109375
0 0.02890625 0.840625 0.05703125 0.134375
1 0.49140625 0.89921875 0.06015625 0.06875
1 0.98359375 0.54296875 0.03203125 0.10234375