0 0.79296875 0.66875 0.11875 0.08359375
1 0.48359375 0.51484375 0.0171875 0.03515625
0 0.23125 0.6796875 0.10546875 0.07109375
0 0.2171875 0.66875 0.10234375 0.078125
1 0.28828125 0.615625 0.01875 0.0328125
1 0.44140625 0.8140625 0.028125 0.06953125
1 0.35859375 0.76484375 0.02734375 0.06171875
0 0.95078125 0.828125 0.09453125 0.13984375
0 0.95546875 0.8265625 0.0890625 0.14375
0 0.29296875 0.8296875 0.0890625 0.140625
0 0.40546875 0.70625 0.07421875 0.090625
0 0.415625 0.79375 0.1078125 0.1265625
0 0.06015625 0.81484375 0.11953125 0.10859375