1 0.86875 0.3796875 0.05078125 0.0671875
0 0.9171875 0.4859375 0.0953125 0.065625
0 0.4609375 0.51328125 0.059375 0.0640625
0 0.5234375 0.59453125 0.05546875 0.13828125
0 0.52734375 0.59921875 0.0484375 0.1421875
0 0.059375 0.89296875 0.11796875 0.20703125
1 0.4140625 0.7765625 0.065625 0.090625
0 0.16640625 0.59296875 0.17265625 0.1578125
0 0.48515625 0.81484375 0.1140625 0.246875
1 0.2265625 0.47265625 0.02890625 0.06328125
0 0.60546875 0.71796875 0.05234375 0.1828125
1 0.54375 0.79609375 0.04453125 0.0890625
1 0.60390625 0.84453125 0.03671875 0.06328125
0 0.659375 0.53046875 0.003125 0.003125