1 0.73515625 0.1546875 0.03671875 0.065625
0 0.7984375 0.24765625 0.07265625 0.0265625
0 0.90703125 0.33671875 0.08515625 0.08828125
0 0.92734375 0.33125 0.0984375 0.08671875
1 0.38125 0.2984375 0.02734375 0.04609375
0 0.37734375 0.4015625 0.05625 0.05390625
0 0.45390625 0.45546875 0.0609375 0.134375
0 0.4453125 0.65625 0.12734375 0.19296875
0 0.05390625 0.88125 0.1078125 0.23125
0 0.1046875 0.55703125 0.15078125 0.17109375
1 0.12890625 0.425 0.04296875 0.0671875
1 0.58984375 0.59296875 0.04921875 0.07421875
0 0.54609375 0.53125 0.0421875 0.153125
0 0.69765625 0.315625 0.03828125 0.08671875
1 0.0046875 0.74453125 0.00859375 0.06328125
1 0.2703125 0.97421875 0.1203125 0.0515625
1 0.47265625 0.60234375 0.06015625 0.06484375