0 0.75859375 0.26796875 0.06796875 0.0328125
0 0.875 0.36015625 0.090625 0.09296875
0 0.8859375 0.35625 0.09921875 0.0890625
0 0.32421875 0.4453125 0.06484375 0.07421875
0 0.40703125 0.49765625 0.08203125 0.13515625
0 0.41171875 0.50546875 0.0671875 0.15625
1 0.32578125 0.32578125 0.02734375 0.04921875
1 0.70546875 0.1765625 0.0390625 0.0703125
0 0.4125 0.73984375 0.1546875 0.2328125
1 0.0265625 0.4859375 0.053125 0.078125
1 0.21953125 0.8171875 0.059375 0.0875
1 0.53828125 0.69609375 0.0375 0.07890625
0 0.521875 0.58515625 0.05390625 0.17421875
0 0.04296875 0.65078125 0.0859375 0.2234375
1 0.4796875 0.7453125 0.03046875 0.0859375