0 0.06171875 0.63828125 0.0734375 0.23984375
0 0.3203125 0.359375 0.05625 0.07890625
0 0.8796875 0.12421875 0.109375 0.09296875
0 0.89140625 0.11640625 0.11640625 0.0859375
0 0.4640625 0.63125 0.17421875 0.19453125
0 0.5484375 0.45625 0.090625 0.18046875
1 0.46953125 0.496875 0.04140625 0.075
0 0.0703125 0.94296875 0.0765625 0.10625
1 0.48046875 0.97265625 0.06640625 0.0546875
1 0.61015625 0.44140625 0.0390625 0.0734375
0 0.4109375 0.396875 0.128125 0.15625
1 0.02734375 0.48359375 0.0546875 0.08828125
0 0.02421875 0.65390625 0.0484375 0.24296875