1 0.52578125 0.7546875 0.04453125 0.0921875
0 0.52734375 0.575 0.05234375 0.15078125
0 0.0640625 0.8953125 0.128125 0.209375
0 0.178125 0.590625 0.16484375 0.15703125
0 0.490625 0.79140625 0.10859375 0.23984375
1 0.39921875 0.90703125 0.07109375 0.1078125
1 0.6171875 0.78515625 0.04765625 0.084375
1 0.88046875 0.3296875 0.0515625 0.0703125
0 0.60859375 0.6796875 0.05390625 0.17265625
1 0.228125 0.46328125 0.03125 0.06015625
1 0.48515625 0.40078125 0.01953125 0.0453125
0 0.46171875 0.496875 0.05703125 0.0484375
0 0.9359375 0.4328125 0.09765625 0.0609375