0 0.26953125 0.509375 0.06953125 0.09453125
1 0.28515625 0.4265625 0.02109375 0.02890625
1 0.4453125 0.3546875 0.01953125 0.03359375
0 0.421875 0.42578125 0.040625 0.034375
0 0.45390625 0.46640625 0.0375 0.09453125
1 0.68515625 0.240625 0.028125 0.0578125
0 0.78984375 0.29765625 0.09375 0.05625
0 0.503125 0.53203125 0.0625 0.11796875
1 0.44140625 0.5375 0.02578125 0.040625
0 0.4125 0.60234375 0.0390625 0.13671875
0 0.17421875 0.6953125 0.10390625 0.1484375
1 0.30390625 0.78046875 0.0453125 0.04921875
0 0.93671875 0.3921875 0.125 0.08984375
1 0.53203125 0.53984375 0.02109375 0.04296875
0 0.24375 0.50859375 0.059375 0.0921875