0 0.74140625 0.4859375 0.0640625 0.0671875
0 0.746875 0.48203125 0.0671875 0.06953125
1 0.35078125 0.478125 0.01875 0.03515625
1 0.54765625 0.37109375 0.01953125 0.04140625
1 0.17421875 0.5609375 0.02734375 0.03359375
0 0.11796875 0.646875 0.09609375 0.1203125
0 0.14453125 0.6515625 0.0953125 0.1109375
1 0.42734375 0.64765625 0.0296875 0.053125
1 0.3359375 0.6515625 0.034375 0.04765625
0 0.29921875 0.73515625 0.04140625 0.1515625
0 0.0359375 0.85625 0.071875 0.125
0 0.3953125 0.64375 0.06015625 0.11953125