0 0.290625 0.4796875 0.08671875 0.08828125
0 0.21015625 0.6375 0.09765625 0.125
0 0.52109375 0.53203125 0.06328125 0.10859375
0 0.9578125 0.4453125 0.07734375 0.0984375
1 0.3140625 0.734375 0.04296875 0.053125
0 0.47734375 0.46171875 0.040625 0.084375
0 0.42734375 0.58359375 0.034375 0.128125
1 0.72421875 0.265625 0.02890625 0.0546875
1 0.4609375 0.5265625 0.02578125 0.04296875
1 0.48203125 0.353125 0.01640625 0.03359375
0 0.83203125 0.33828125 0.10234375 0.0578125
0 0.453125 0.4203125 0.03828125 0.03359375
1 0.32421875 0.41015625 0.02421875 0.0328125
0 0.06875 0.07734375 0.13671875 0.1546875