1 0.4296875 0.8484375 0.0421875 0.09296875
0 0.87890625 0.58828125 0.09140625 0.0921875
0 0.88984375 0.584375 0.103125 0.09296875
1 0.6984375 0.390625 0.0390625 0.06015625
1 0.35078125 0.484375 0.02109375 0.04609375
0 0.37265625 0.8796875 0.128125 0.240625
1 0.2890625 0.86875 0.078125 0.0953125
1 0.059375 0.57265625 0.03984375 0.06953125
0 0.4921875 0.746875 0.04609375 0.18046875
0 0.4046875 0.6546875 0.05625 0.140625
1 0.4953125 0.88125 0.034375 0.0625
0 0.05234375 0.74140625 0.09921875 0.22734375