1 0.3015625 0.90703125 0.0796875 0.09140625
1 0.06875 0.4234375 0.04921875 0.06328125
0 0.62109375 0.27734375 0.084375 0.065625
0 0.6265625 0.271875 0.0890625 0.0671875
1 0.44140625 0.1546875 0.02578125 0.06484375
0 0.09921875 0.553125 0.06953125 0.115625
0 0.3046875 0.7296875 0.1203125 0.24140625
0 0.08203125 0.9015625 0.1640625 0.19375
0 0.40859375 0.5625 0.16015625 0.10078125
1 0.390625 0.6578125 0.0390625 0.07578125
0 0.2078125 0.58125 0.1375 0.16484375
1 0.11640625 0.98984375 0.06796875 0.01953125