0 0.47265625 0.09765625 0.08515625 0.02734375
0 0.475 0.090625 0.0859375 0.02109375
0 0.36171875 0.73828125 0.0703125 0.2546875
1 0.4171875 0.72265625 0.05234375 0.08828125
0 0.19375 0.5140625 0.05703125 0.07734375
0 0.28359375 0.46875 0.14140625 0.0546875
0 0.296875 0.46484375 0.13984375 0.07578125
1 0.32109375 0.04296875 0.0359375 0.06328125
0 0.4359375 0.36953125 0.13515625 0.0609375
0 0.440625 0.49609375 0.07734375 0.15859375
1 0.496875 0.57109375 0.05 0.071875
0 0.09609375 0.90546875 0.1921875 0.18125
1 0.4625 0.41796875 0.03125 0.06015625