0 0.471875 0.49609375 0.06875 0.13125
0 0.4765625 0.5046875 0.0578125 0.14296875
0 0.95078125 0.40859375 0.08828125 0.1015625
0 0.95625 0.4046875 0.0875 0.096875
0 0.77421875 0.21484375 0.04296875 0.06640625
0 0.465625 0.72265625 0.134375 0.215625
0 0.11328125 0.5921875 0.16015625 0.178125
0 0.05078125 0.91015625 0.10078125 0.1796875
1 0.29296875 0.75859375 0.0453125 0.08203125
1 0.1453125 0.4515625 0.0421875 0.06640625
0 0.57109375 0.5921875 0.04453125 0.16328125
1 0.58203125 0.68828125 0.0359375 0.0765625
1 0.40703125 0.33828125 0.021875 0.040625
1 0.51875 0.72578125 0.0390625 0.08359375
0 0.728125 0.3734375 0.0453125 0.0875
0 0.4015625 0.4359375 0.05625 0.059375