1 0.2421875 0.803125 0.04921875 0.05859375
1 0.48359375 0.56875 0.025 0.0484375
1 0.39921875 0.56171875 0.02890625 0.04765625
1 0.62734375 0.29921875 0.025 0.04921875
0 0.72421875 0.3578125 0.08671875 0.05234375
0 0.8296875 0.44375 0.06484375 0.0765625
0 0.84296875 0.440625 0.0796875 0.0828125
0 0.2078125 0.53203125 0.06640625 0.09453125
0 0.23203125 0.534375 0.07578125 0.09453125
0 0.1234375 0.71953125 0.11484375 0.14765625
0 0.3640625 0.628125 0.03515625 0.13515625
0 0.38828125 0.459375 0.040625 0.034375
0 0.415625 0.5 0.04140625 0.0890625
0 0.45390625 0.5609375 0.06171875 0.11015625