0 0.80078125 0.690625 0.1203125 0.0640625
0 0.95390625 0.8609375 0.0921875 0.16875
0 0.96015625 0.84921875 0.0796875 0.15
0 0.4015625 0.77109375 0.11328125 0.1203125
0 0.06171875 0.7578125 0.12265625 0.0984375
0 0.22109375 0.63828125 0.1015625 0.0609375
0 0.2328125 0.64453125 0.103125 0.06484375
1 0.28984375 0.584375 0.01796875 0.0328125
1 0.47890625 0.49375 0.015625 0.03515625
1 0.44453125 0.584375 0.01328125 0.03515625
0 0.27890625 0.79375 0.096875 0.13515625
0 0.3953125 0.68359375 0.07890625 0.08359375
1 0.4234375 0.7921875 0.0265625 0.06953125
1 0.03046875 0.92890625 0.0609375 0.0921875
1 0.34453125 0.73515625 0.025 0.0484375
0 0.6484375 0.64609375 0.03515625 0.15546875