1 0.33125 0.97578125 0.05703125 0.04765625
1 0.44453125 0.8171875 0.0484375 0.10234375
1 0.74609375 0.3625 0.0421875 0.06328125
0 0.92421875 0.56875 0.10390625 0.103125
0 0.9359375 0.5640625 0.109375 0.10390625
0 0.4359375 0.6171875 0.065625 0.1390625
0 0.3640625 0.55390625 0.0609375 0.053125
0 0.4390625 0.6265625 0.0546875 0.15
0 0.41328125 0.87109375 0.1359375 0.25703125
0 0.0640625 0.69453125 0.128125 0.19296875
1 0.54609375 0.8375 0.04375 0.0921875
1 0.0890625 0.54140625 0.0453125 0.0703125
0 0.5359375 0.725 0.0421875 0.17734375
1 0.38125 0.45078125 0.02265625 0.04609375