0 0.97421875 0.3484375 0.0515625 0.090625
1 0.421875 0.24921875 0.02734375 0.0515625
1 0.82109375 0.140625 0.0515625 0.07421875
1 0.49765625 0.58828125 0.06171875 0.06640625
0 0.41171875 0.35703125 0.05625 0.0625
0 0.4828125 0.42265625 0.06328125 0.134375
0 0.48671875 0.42734375 0.05234375 0.14453125
0 0.4640625 0.6421875 0.12578125 0.2171875
0 0.05390625 0.85625 0.1078125 0.2875
0 0.12421875 0.49375 0.15859375 0.17265625
1 0.61953125 0.6015625 0.05 0.078125
1 0.15859375 0.35 0.0421875 0.071875
0 0.5734375 0.52890625 0.040625 0.17109375
1 0.23203125 0.9578125 0.1734375 0.084375
0 0.86953125 0.2296875 0.0921875 0.06796875