0 0.84921875 0.490625 0.0890625 0.08671875
0 0.8609375 0.48671875 0.103125 0.08203125
1 0.41171875 0.81640625 0.0546875 0.0953125
0 0.3125 0.5671875 0.06171875 0.059375
1 0.3203125 0.4609375 0.02734375 0.04609375
1 0.66796875 0.32265625 0.034375 0.06171875
0 0.384375 0.8765625 0.1484375 0.246875
1 0.02109375 0.603125 0.0421875 0.075
1 0.50625 0.8109375 0.03671875 0.08515625
0 0.490625 0.71171875 0.0484375 0.17734375
0 0.03515625 0.803125 0.0703125 0.303125
0 0.390625 0.6296875 0.0703125 0.146875